131123002501242
131220001801035
131220001801320
131222001101074
140111002601031
140111002601041
140111002601097
140111002601101
140111002601113
140111002601125
140111002601217
140111002601236
140111002601239
140111002601258
140111002601295
140111002601296
140112002801034
140114002401137
140116002201034
140116002201394
140117001501056
140118002501060
140212003101341
140212003101397
140303000401275
140303000401288
140303000401359
140303000401397
140305001801339
140305002601095
140305002601322
140307001601344
140307002101046
140307002101110
140307002101167
140307002101311
140307002101344
140307002601008
140308003101167
140308003101170
140308003101174
140308003101349
140308003801017
140308003801038
140308003801049
140308003801129
140308003801151
140308003801178
140308003801180
140308003801202
140308003801209
140308003801212
140308003801220
140308003801223
140308003801226
140308003801228
140308003801255
140308003801266
140308003801272
140308003801279
140308003801280
140308003801289
140308003801306
140308003801320
140308003801340
140308003801346
140308003801352
140308003801357
140308003801373
140308003801379
140309003101002
140309003601024
140309003601311
140309004101033
140309004101359
140309004101396
140310002701002
140310003301108
140310003301125
140310003301128
140310003301143
140310003301153
140310003301159
140310003301160
140310003301173
140310003301188
140310004301046
140310004301049
140310004301054
140310004301080
140310004301083
140310004301090
140310004301105
140310004301107
140310004301109
140310004301110
140310004301119
140310004301133
140310004301137
140310004301141
140310004301142
140310004301145
140310004301163
140310004301164
140310004301167
140310004301170
140310004301174
140310004301191
140310004301206
140310004301215
140310004301218
140310004301222
140310004301223
140310004301224
140310004301235
140310004301236
140310004301243
140310004301246
140310004301248
140310004301267
140310004301280
140310004301292
140310004301297
140310004301303
140310004301311
140310004701022
140310004701194
140310004701220
140310004701271
140310004701359
140310004701396
140311006101002
140311006101008
140311006101021
140311006101071
140311006101077
140311006101078
140311006101098
140311006101104
140311006101110
140311006101114
140311006101124
140311006101131
140311006101132
140311006101144
140311006101147
140311006101156
140311006101160
140311006101203
140311006101205
140311006101214
140311006101236
140311006101246
140311006101249
140311006101255
140311006101285
140311006101326
140311006101327
140311006101343
140311006101362
140311006101363
140311006101365
140311006101378
140311009101002
140315002501302
140409002501005
140409002501059
140412002801216
140412002801278
140412002801366
140608004301362
140608004301381
140609001601055
140609002101024
140609003601056
140610003901124
140611002501168
140611003501333
140611004001058
140707000601005
140707001101199
140707001101229
140707001101260
140707001601185
140707003101262
140707004101005
140707004101032
140707004101036
140707004101059
140707004101152
140707004101156
140707004101168
140707004101170
140707004101183
140707004101192
140707004101193
140707004101214
140707004101217
140707004101220
140707004101278
140707004101280
140707004101305
140708002701140
140708005301128
140708005301219
140710004601324
140713002401022
140805001501006
140805004201392
140806004701053
140806004701068
140807005601008
140807005601009
140807005601215
140807005601297
140807005601379
140807005601382
140807006201002
140807006201053
140807006201054
140807006201058
140807006201059
140807006201060
140807006201224
140811002101254
140811004501127
140812004401104
140812004401119
140813001601216
140813001601391
140813002201001
140813002201003
140813002201034
140813002201056
140813002201203
140813002201205
140813002201206
140813002201214
140813002201227
140813002201239
140813002201248
140813002201264
140813002201265
140813002201268
140813002201287
140813002201289
140813002201306
140813002201348
140813002201358
140813003801040
140813003801076
140813003801112
140813003801113
140813003801115
140813003801137
140813003801216
140813003801245
140813003801278
140813003801285
140813003801288
140813003801298
140813003801309
140813003801336
140813003801338
140813003801357
140813003801367
140813003801399
140814006001114
140814006001118
140814006001127
140814006001129
140814006001133
140814006001135
140814006001139
140814006001142
140814006001146
140814006001155
140814006001157
140814006001159
140814006001162
140814006001164
140814006001166
140814006001169
140814006001171
140814006001176
140814006001191
140814006001194
140814006001197
140814006001201
140814006001205
140814006001207
140814006001211
140814006001212
140814006001213
140814006001215
140814006001216
140814006001218
140814006001219
140814006001221
140814006001228
140814006001234
140814006001238
140814006001242
140814006001256
140814006001257
140814006001259
140814006001264
140814006001271
140814006001276
140814006001288
140814006001289
140814006001313
140814006001330
140814006001379
140814006001385
140814006001392
140814006001398
140814006601039
140814006601173
140814006601253
140814006601344
140823001801243
140823002701080
140823002701152
140824003001348
140824003501199
140824003501225
140824003501277
140824003501314
140824003901003
140824003901348
141101003001027
141101003001215
141101003001264
141101003001271
141101003501130
141101003501173
141101003501262
141102002401216
141102002401224
141102002701193
141102003201010
141103003601201
141104002801195
141104002801251
141104003301007
141104003301019
141104003301052
141104003301066
141104003301106
141104003301108
141104003301112
141104003301121
141104003301131
141104003301133
141104003301151
141104003301165
141104003301166
141104003301170
141104003301174
141104003301186
141104003301194
141104003301217
141104003301228
141104003301231
141104003301236
141104003301247
141104003301262
141104003301282
141104003301292
141104003301303
141104003301338
141104003301355
141104003301359
141104003301368
141104003801034
141202003701060
141202003701125
141202003701231
141202003701316
141202003701392
141231001901397
141231002201026
141231002201393
150103004001055
150107002201224
150107002201234
150107002201242
150107002201247
150107002201254
150107002201258
150107002201259
150107002201277
150107002201287
150107002201288
150107002201306
150107002201315
150107003201008
150107003701036
150205003901237
150408002901170
150408003501130
150408003501224
150408005901202
150409006101005
150409006101006
150410002101005
150410002101056
150410002101193
150410002101199
150410002101272
150410002101280
150410002101305
150410002101310
150410002101340
150410002101348
150410002101351
150410002301301
150411002101009
150411002101054
150411002101257
150411002101365
150411002101373
150411002101398
150411002601170
150412002101169
150412002101173
150412003101216
150412003601127
150412003601201
150412003601215
150412006101182
150413002601002
150413002601010
150413002601042
150413002601054
150413002601201
150413002601217
150413002601221
150413002601224
150413002601225
150413002601235
150413002601248
150413002601256
150413002601257
150413002601261
150413002601273
150413002601298
150413002601308
150413002601322
150413002601336
150413002601341
150413002601351
150413002601372
150413002601394
150413002601397
150413003101139
150413003101211
150413003101214
150413003601130
150413003601149
150413003601196
150413003601205
150413003601213
150413003601214
150413003601216
150413003601217
150413003601227
150413003601230
150413003601238
150413003601245
150413003601249
150413003601254
150413003601257
150413003601286
150413003601298
150426000601167
150428001601179
150428002101378
150429001601033
150429002101237
150430002301127
150504001901020
150504001901373
150504001901381
150601004001306
150601004001375
150601004001377
150601004801034
150602001601055
150602002701058
150604001901054
150604001901055
150607003601046
150607004101066
150607004101290
150703002101197
150703002101208
150703002101215
150703002101219
150703002101237
150703003101179
150703003101192
150703003101201
150703003101213
150703003101220
150703003101245
150703005601139
150703005601180
150704002301012
150705002401241
150705002901126
150705002901128
150705002901149
150705002901179
150705002901208
150705002901225
150705002901235
150705002901397
150705003401173
150706002101225
150706003101144
150824003101262
150824003101307
150824003101322
150824003101337
150828005701088
150831002501040
150831002501220
150831003001342
150831006001340
150901001101016
150901001101028
150901001101039
150901001101043
150901001101054
150901001101131
150901001101159
150901001101163
150901001101173
150901001101273
150901001101276
150901001101306
150901001101314
150901001101317
150901001101318
150901001101362
150901001101363
150901001101390
150901002401054
150901002401313
150901003001130
150902003701167
151008001601027
151008003101006
151008003101008
151008003101009
151008003101247
151008003101251
151008003101286
151009002601127
151009002601128
151009002601162
151009002601164
151009002601190
151009002601216
151009004101004
151009004101008
151009004101281
151009004101354
151009004101366
151109001601047
151109001601125
151109001601127
151109001601130
151109001601137
151109001601141
151109001601147
151109001601153
151109001601163
151109001601168
151109001601169
151109001601179
151109001601188
151109001601195
151109001601197
151109001601198
151109001601201
151109001601202
151109001601206
151109001601217
151109001601224
151109001601225
151109001601227
151109001601233
151109001601247
151109001601254
151109001601264
151109001601297
151109001601380
151109001601392
151109003101348
151109003101374
151110002101297
151110002101349
151110002601130
151110002601136
151110002601142
151110002601152
151110002601161
151110002601189
151110002601351
151110002601358
151110003101224
151110003101311
151110003701283
151111002601308
151111002601328
151111002601349
151111003601284
151111003601308
151111003601342
151111004301127
151111004301129
151111004301271
151111004301298
151111004301312
151111004301332
151219002101228
151219002101240
151220002801127
151220003401056
151220003401058
151220003401339
151220003401354
151226002701002
151226002701009
151226002701033
151226002701048
151226002701059
151226002701085
151226002701395
151227003401224
151227003401399
151228002601257
151228002601269
151228002601391
151228002601398
151229002501034
151229002501069
151229002501073
151229002501085
151229002501223
151229002501269
151229004001167
151230001601008
151230001601053
151230001601391
151230001601394
151230002201001
151230002801178
151230002801202
151230002801212
151230003201201
160106002101031
160106002101036
160106002101039
160106002101056
160106002101058
160106002101064
160106002101090
160106003101170
160106003101186
160106003101212
160106003601127
160106003601341
160107002101335
160107003601010
160107003601130
160107003601198
160107003601229
160107003601239
160107003601293
160107003601348
160107003601392
160107004101001
160107004101140
160107004101276
160108002001359
160108003101173
160108003101284
160109002001149
160109002001166
160109002001292
160109002001293
160109002001302
160109002001316
160109002001341
160109002001353
160109002501322
160109002501338
160109002501340
160109002501367
160109002501384
160109002701002
160109002701202
160109003301173
160109003301208
160109003301214
160110001601008
160110001601020
160110001601039
160110001601042
160110001601053
160110001601398
160110002101142
160110002101341
160110002601149
160110002601172
160110002601187
160110002601195
160110002601199
160110002601201
160110002601217
160110002601263
160110002601301
160110002601311
160110002601318
160110002601320
160110002601341
160110002601367
160110002601395
160110003101031
160110003101058
160110003101162
160110003101163
160110003101166
160110003101182
160110003101184
160110003101205
160110003101247
160110003101319
160110003601129
160110003601141
160110003601142
160110003601147
160110003601156
160110003601173
160110003601178
160110003601188
160110003601196
160110003601198
160110003601211
160111002601190
160111002601305
160111002601324
160111002601363
160112002901133
160112002901135
160112002901139
160112002901159
160112002901161
160112002901173
160112002901177
160112002901182
160112002901183
160112002901190
160112002901308
160112002901318
160112002901324
160112002901340
160112002901345
160112002901347
160112002901349
160112002901362
160113001601002
160113001601006
160113001601037
160113001601054
160113001601155
160113001601170
160113001601212
160113001601214
160113001601242
160113001601331
160113002101149
160113002101158
160113002101159
160113002101181
160113002101214
160113002101215
160113002101324
160125001601034
160125001601040
160125001601056
160125001601309
160126002601012
160129003601328
160129003601347
160325002101040
160331003701321
160331003701323
160331003701337
160331003701338
160331003701349
160401002101310
160401002101317
160401002101356
160401004901005
160401004901006
160401004901012
160401004901019
160401004901021
160401004901024
160401004901026
160401004901031
160401004901036
160401004901037
160401004901038
160401004901039
160401004901043
160401004901045
160401004901047
160401004901049
160401004901052
160401004901055
160401004901056
160401004901057
160401004901058
160401004901060
160401004901062
160401004901064
160401004901065
160401004901069
160401004901074
160401004901077
160401004901080
160401004901081
160401004901082
160401004901085
160401004901086
160401004901087
160401004901089
160401004901090
160401004901093
160401004901095
160401004901096
160401004901099
160401004901103
160401004901104
160401004901106
160401004901109
160401004901110
160401004901111
160401004901112
160401004901115
160401004901116
160401004901118
160401004901121
160401004901122
160401004901126
160401004901130
160401004901131
160401004901136
160401004901137
160401004901139
160401004901140
160401004901141
160401004901143
160401004901147
160401004901148
160401004901153
160401004901154
160401004901168
160401004901173
160401004901182
160401004901183
160401004901184
160401004901185
160401004901194
160401004901327
160401004901328
160401004901330
160401004901348
160401004901361
160401004901362
160401004901369
160401004901375
160401004901379
160401004901383
160401004901384
160401004901385
160401004901386
160401004901388
160401004901390
160401004901392
160401004901395
160401004901397
160401005901093
160402004101040
160402004101257
160403002101008
160403002101034
160403002101058
160403002101125
160403002101131
160403002101152
160403002101168
160403002101170
160403002101193
160403002101253
160403002101272
160403002101291
160418005101119
160418005601248
160418005601333
160423002701117
160423002701128
160423002701136
160423002701137
160423002701138
160423002701159
160423002701167
160423002701182
160423002701301
160423002701302
160423002701303
160423002701310
160423002701313
160423002701322
160423002701323
160423002701325
160423002701327
160423002701329
160423002701330
160423002701334
160423002701335
160423002701347
160423002701355
160423002701356
160423002701365
160423002701386
160423002701388
160423003201059
160423003801341
160423004401006
160423004401034
160423004401055
160426006701058
160426006701173
160512005101001
160512005101109
160512005101124
160512005101322
160512005101332
160512005101339
160512005101340
160512005101370
160512005101380
160512005101381
160514002301082
160514002301090
160514002301093
160514002301099
160514002301101
160514002301105
160514002301109
160514002301112
160514002301115
160514002301116
160514002301119
160514002301126
160514002301127
160514002301133
160514002301134
160514002301136
160514002301137
160514002301142
160514002301145
160514002301147
160514002301153
160514002301154
160514002301157
160514002301159
160514002301161
160514002301164
160514002301166
160514002301168
160514002301169
160514002301170
160514002301172
160514002301177
160514002301185
160514002301187
160514002301188
160514002301201
160514002301205
160514002301207
160514002301208
160514002301209
160514002301210
160514002301211
160514002301215
160514002301216
160514002301218
160514002301221
160514002301232
160514002301242
160514002801119
160514002801120
160514002801127
160514002801128
160514002801137
160514002801161
160514002801165
160514002801171
160514002801178
160514002801180
160514002801205
160514002801208
160514003801126
160514005301004
160515002301031
160515002301057
160515003401004
160515003401031
160515003401054
160515003401247
160520002601010
160531002101040
160608001501127
160608002001088
160608002001090
160608002001091
160608002001092
160608002001093
160608002001096
160608002001101
160608002001103
160608002001106
160608002001108
160608002001111
160608002001113
160608002001115
160608002001121
160608002001126
160608002001128
160608002001129
160608002001134
160608002001136
160608002001139
160608002001145
160608002001148
160608002001151
160608002001155
160608002001156
160608002001167
160608002001199
160608002001205
160608002001207
160608002001211
160608002001213
160608002001216
160608002001217
160608002001220
160608002001228
160608002001232
160608002001235
160608002001240
160608002001245
160608002001246
160608002001247
160608002001258
160608002001276
160608002001287
160608002001295
160610005801193
160610005801234
160612002201173
160612002701056
160613002901290
160724003501224
160811002601055
160811003401028
160811003401030
160811003401034
160811003401039
160811003401052
160811003401055
160811003401056
160811003401057
160811003401059
160811003401060
160811003401061
160811003401067
160811003401071
160811003401073
160811003401074
160811003401075
160811003401076
160811003401077
160811003401079
160811003401080
160811003401084
160811003401085
160811003401086
160811003401088
160811003401089
160811003401092
160811003401107
160811003401110
160811003401111
160811003401112
160811003401114
160811003401115
160811003401118
160811003401119
160811003401123
160811003401126
160811003401131
160811003401134
160811003401137
160811003401138
160811003401140
160811003401141
160811003401143
160811003401145
160811003401147
160811003401152
160811003401153
160811003401154
160811003401159
160811003401161
160811003401162
160811003401166
160811003401167
160811003401172
160811003401173
160811003401175
160811003401177
160811003401180
160811003401184
160811003401187
160811003401189
160811003401190
160811003401193
160811003401194
160811003401195
160811003401198
160811003401199
160811003401201
160811003401202
160811003401203
160811003401208
160811003401212
160811003401214
160811003401215
160811003401218
160811003401219
160811003401221
160811003401222
160811003401223
160811003401230
160811003401243
160811003401251
160811003401254
160811004601288
160813002101153
160813002101328
160813002101340
160813003601249
160815003101003
160815003101011
160815003101080
160815003101082
160815003101261
160817001601030
160817001601040
160817001601045
160817001601314
160817001601342
160817001601343
160817001601347
160817001601351
160817001601360
160817002101136
160916003801251
160916003801278
160916003801321
160919003501271
160919004601060
160919005101127
160921001601002
160923002501285
160923002501291
160923002501305
160923002501323
160923002501356
160923004701054
161006003101005
161006003101010
161006003101393
161006003101398
161006003901002
161006003901004
161006003901006
161006003901009
161006003901014
161006003901035
161006003901037
161006003901040
161006003901059
161006003901067
161006003901070
161006003901071
161006003901083
161006003901088
161006003901090
161006003901092
161006003901096
161006003901099
161006003901103
161006003901112
161006003901115
161006003901122
161006003901123
161006003901124
161006003901130
161006003901136
161006003901139
161006003901142
161006003901161
161006003901170
161006003901182
161006004901346
161006005901003
161006005901009
161006005901032
161006005901035
161006005901040
161006005901042
161006005901064
161007003301283
161007004201024
161007004201047
161007004201058
161007004201396
161009003201241
161009003201254
161009003201256
161009003201262
161009003201264
161009003201271
161009003201274
161009003201288
161009003201291
161009003201301
161009003201302
161009003201304
161009003201305
161009003201306
161009003201308
161009003201310
161009003201313
161009003201318
161009003201323
161009003201324
161009003201325
161009003201328
161009003201330
161009003201331
161009003201333
161009003201343
161009003201344
161009003201345
161009003201346
161009003201351
161009003201352
161009003801277
161009005901129
161013004901054
161013004901074
161104002301002
161104002301054
161104002301055
161104002801269
161104002801306
161104004301315
161104004301317
161104004301323
161104004301339
161104004301342
161104004301348
161104004301352
161104004801302
161105003101288
161105004101054
161105004101060
161105004101082
161105004101106
161105004101190
161105004601392
161105005101248
161105005101265
161105005101266
161105005101272
161105005101273
161105005101276
161105005101277
161105005101279
161105005101287
161105005101291
161105005101293
161105005101295
161105005101299
161105005101303
161105005101304
161105005101308
161105005101310
161105005101311
161105005101314
161105005101317
161105005101318
161105005101327
161105005101332
161105005101342
161105005101344
161105005101345
161105005101346
161105005101347
161105005101348
161105005101349
161105005101351
161105005101353
161105005101356
161105005101359
161105005101360
161105005101361
161105005101363
161105005101367
161106003601336
161106004101040
161106004101045
161106004101052
161106004101055
161106004101057
161106004101058
161106004101060
161106004101061
161106004101063
161106004101069
161106004101070
161106004101072
161106004101075
161106004101077
161106004101078
161106004101079
161106004101081
161106004101082
161106004101083
161106004101084
161106004101085
161106004101086
161106004101087
161106004101092
161106004101093
161106004101098
161106004101105
161106004101106
161106004101109
161106004101110
161106004101115
161106004101116
161106004101118
161106004101120
161106004101122
161106004101127
161106004101128
161106004101129
161106004101133
161106004101135
161106004101138
161106004101143
161106004101144
161106004101146
161106004101149
161106004101152
161106004101153
161106004101154
161106004101161
161106004101162
161106004101163
161106004101164
161106004101165
161106004101166
161106004101167
161106004101168
161106004101169
161106004101170
161106004101172
161106004101176
161106004101177
161106004101178
161106004101179
161106004101180
161106004101181
161106004101182
161106004101183
161106004101184
161106004101185
161106004101186
161106004101187
161106004101188
161106004101189
161106004101190
161106004101191
161106004101192
161106004101193
161106004101194
161106004101196
161106004101197
161106004101198
161106004101199
161106004101201
161106004101202
161106004101203
161106004101204
161106004101205
161106004101206
161106004101207
161106004101209
161106004101210
161106004101211
161106004101213
161106004101215
161106004101218
161106004101219
161106004101220
161106004101221
161106004101222
161106004101224
161106004101225
161106004101226
161106004101227
161106004101229
161106004101230
161106004101231
161106004101232
161106004101233
161106004101235
161106004101236
161106004101238
161106004101239
161106004101240
161106004101241
161106004101242
161106004101243
161106004101244
161106004101245
161106004101246
161106004101247
161106004101249
161106004101251
161106004101252
161106004101253
161106004101255
161106004101256
161106004101257
161106004101258
161106004101260
161106004101261
161106004101262
161106004101267
161106004101268
161106004101270
161106004101271
161106004101272
161106004101273
161106004101274
161106004101275
161106004101276
161106004101277
161106004101278
161106004101279
161106004101280
161106004101283
161106004101285
161106004101287
161106004101288
161106004101291
161106004101292
161106004101293
161106004101294
161106004101295
161106004101297
161106004101298
161106004101339
161107002801336
161107003901016
161107003901027
161107003901037
161107003901058
161107003901061
161107003901079
161107003901116
161107003901141
161107003901160
161107003901203
161107003901207
161107003901232
161107003901254
161107003901261
161107003901328
161107003901340
161107003901347
161107003901348
161107003901358
161107003901378
161107003901397
161108002101037
161109002601155
161109003101192
161109003101199
161109003101308
161109004401153
161109004401199
161109004401319
161109004401336
161109004401358
161109004901124
161115003201355
161115003201358
161115003201389
161116002201013
161116002201391
161117002701274
161117002701302
161117003001354
161117003001364
161118003501299
161118004001222
161119002801053
161119002801127
161119002801130
161119003101167
161119003101328
161119003101332
161210002601109
161210002601127
161210002601149
161210002601398
161210004201095
161210004201151
161211002601127
161211003101055
161213002101370
161217001601053
161217001601054
161217003601117
161217003601130
161217003601135
161217003601208
161217003601258
161217003601317
161217004101116
161217004101240
161217004101249
161217004101276
161217004101390
161217006101288
161218002601003
161218002601005
161218002601006
161219003601023
161219004101290
161219004101297
161219004601332
161219004601333
161228001501006
161228001501019
161228001501057
161228001501068
161228001501109
161228001501110
161228001501116
161228001501130
161228001501134
161228001501153
161228001501215
161228002001001
161228002001002
161228002001004
161228002001006
161228002001034
161228002001059
161228002001060
161228002001064
161228002001090
161228002001102
161228002001139
161228003001001
161228003001055
161228003001170
161229002201002
161229002201003
161229002201006
161229002201029
161229002201031
161229002201038
161229002201040
161229002201053
161229002201058
161229002201064
161229002201065
161229002201328
161229002701271
161229002701280
161229003201039
161229003201060
161231002101166
170103002001153
170103003101135
170104002101109
170104002101154
170104002101156
170104002101188
170104002101189
170104002101201
170104002101219
170104002101221
170104002101229
170104002101233
170104002101238
170104002101239
170104002101249
170104002101253
170104002101274
170104002101276
170104002101303
170104002101326
170104002901304
170105002601311
170105002601326
170107003601323
170108002201001
170108002201004
170108002201016
170108002201029
170108002201030
170108002201033
170108002201034
170108002201036
170108002201046
170108002201085
170108002201089
170108002201126
170108002201140
170108002201148
170108002201171
170108002201176
170108002201196
170108002201242
170108002201257
170108002201260
170108002201279
170108002201295
170108002201308
170108002201327
170108002201338
170108002201352
170108002201353
170108002201357
170108002201376
170108002201386
170108002201391
170108002701179
170108002701182
170108002701196
170108002701208
170108002701210
170108002701211
170108002701217
170108002701228
170108002701235
170108002701236
170108002701237
170108002701238
170108002701240
170108002701241
170108002701242
170108002701243
170108002701245
170108002701247
170108002701249
170108002701251
170108002701252
170108002701254
170108002701255
170108002701256
170108002701258
170108002701259
170108002701262
170108002701266
170108002701267
170108002701270
170108002701271
170108002701279
170108002701283
170108002701284
170108002701288
170108002701296
170108002701297
170108002701298
170108002701299
170108002701301
170108002701303
170108002701304
170108002701305
170108002701306
170108002701307
170108002701310
170108002701311
170108002701312
170108002701313
170108002701314
170108002701315
170108002701316
170108002701317
170108002701318
170108002701321
170108002701322
170108002701324
170108002701326
170108002701327
170108002701328
170108002701329
170108002701330
170108002701331
170108002701337
170108002701338
170108002701339
170108002701340
170108002701343
170108002701344
170108002701345
170108002701352
170108002701354
170108002701355
170108002701356
170108002701361
170108002701362
170108002701364
170108002701366
170108002701375
170108002701376
170108002701378
170109002801361
170109003301313
170109003801337
170112002601387
170113003101053
170113003101370
170114003101004
170114003101163
170115002201096
170115002201097
170115002201112
170115002201128
170115002201152
170115002201198
170115002201211
170115002201214
170115002201280
170115002201303
170115003201156
170115003201159
170115003201173
170115003201186
170115003201317
170115004201342
170115005201031
170115005201056
170115005201072
170115005201073
170115005201344
170116001601264
170116001601265
170116001601270
170116001601275
170116001601276
170116001601277
170116001601278
170116001601285
170116001601288
170116001601292
170116001601299
170116001601304
170116001601306
170116001601307
170116001601313
170116001601314
170116001601315
170116001601317
170116001601319
170116001601320
170116001601321
170116001601325
170116001601327
170116001601328
170116001601329
170116001601330
170116001601342
170116001601349
170116001601351
170116001601352
170116001601359
170116001601361
170116001601364
170116001601366
170116001601371
170116001601376
170116001601378
170116001601379
170116001601381
170117002601059
170117002601170
170117002601305
170117002601314
170119003101347
170121002201026
170121002201393
170121002201394
170121002201396
170121002801322
170121002801332
170121004501086
170121004501116
170122004101127
170122004101271
170127001601342
170127001601397
170127002301072
170128002101152
170128002101337
170128002901055
170128002901235
170128002901236
170128002901262
170128002901265
170128002901271
170128002901283
170129001601004
170129001601010
170129001601019
170129001601128
170129001601129
170129001601309
170129001601341
170129001601370
170129001601373
170129001601376
170129001601381
170129001601390
170129001601394
170129002101324
170130003601155
170130003601318
170130003601322
170130003601323
170130003601324
170130003601326
170130003601328
170130003601329
170130003601331
170130003601343
170130003601344
170130003601345
170130003601354
170130003601358
170130003601365
170130003601377
170131001801353
170131002601001
170131002601036
170131003101124
170131003101156
170131003101201
170202000701344
170202000701364
170202001701230
170202001701265
170202001701274
170202001701276
170202001701279
170202001701284
170202001701289
170202001701290
170202001701294
170202001701304
170202001701305
170202001701306
170202001701308
170202001701316
170202001701322
170202001701323
170202001701326
170202002201169
170203002501218
170203002501239
170203002501240
170203002501248
170203002501287
170205004901298
170219002101006
170219002101032
170219002101036
170219002101037
170219002101038
170219002101039
170219002101040
170219002101053
170219002101054
170219002101056
170219002101057
170219002101059
170219002101063
170219002101064
170219002101066
170219002101072
170219002101075
170219002101078
170219002101081
170219002101082
170219002101088
170219002101103
170219002101104
170219002101253
170219004101162
170220001601268
170220003101008
170220003101139
170220003601283
170220003601362
170220003601374
170220003601394
170314002201064
170314002201309
170314002201313
170314002201317
170404001601288
170404001601340
170404001601344
170404002101215
170404002601284
170404002601306
170404002601336
170404002601339
170408002501086
170408002501311
170408002501321
170408002501392
170418003201288
170418005201102
170506005901040
170506005901048
170506005901059
170506005901060
170506005901061
170506005901189
170506005901193
170506005901196
170506005901197
170506005901204
170506005901210
170506005901212
170506005901214
170506005901217
170506005901219
170506005901223
170506005901224
170506005901225
170506005901230
170506005901231
170506005901232
170506005901234
170506005901238
170506005901241
170506005901243
170506005901245
170506005901252
170506005901254
170506005901259
170506005901262
170506005901264
170506005901267
170506005901271
170506005901287
170506006401236
170506006901087
170507010601012
170507010601041
170507010601058
170507010601084
170507010601097
170508004801047
170508006401036
170508006401288
170509006201039
170509006201077
170509006201288
170509007701127
170510006301212
170510006301222
170510006301233
170510006301236
170510006301247
170510006301252
170510006301253
170510006301255
170510006301256
170510006301257
170510006301258
170510006301260
170510006301265
170510006301267
170510006301268
170510006301273
170510006301279
170510006301289
170510006301299
170510006301303
170510006301304
170510006301312
170511000601247
170511001601035
170511004001004
170512000101055
170512000701051
170512000701054
170512001801047
170513004001058
170513005401136
170513005401143
170513005401153
170513005401158
170513005401164
170513005401190
170513005401192
170513005401199
170513005401201
170513005401206
170513005401220
170513005401227
170514002101020
170514003001036
170515001601047
170515002101054
170515005101040
170515006601399
170516001101194
170516001101234
170516001101243
170516001101246
170516001101257
170516001101262
170516001101275
170516001101289
170516001101295
170516001101304
170516001101305
170516001101324
170516002101326
170516003601047
170517002301252
170530004101360
170601004101006
170601004101009
170601004601164
170601004601197
170601004601218
170601004601224
170601005201031
170602005201012
170603003101172
170603003601002
170603007201006
170603007201038
170603007201048
170603007201055
170603007201101
170603007201284
170603007201318
170603007201332
170603007201353
170603007201391
170604001601047
170604003101370
170604003101391
170614003601330
170614003601351
170614003601352
170615004901033
170615004901058
170615004901064
170710002701047
170711001501356
170711002501263
170711005101034
170711005101057
170711005101059
170713003601219
170723002601164
170723005101032
170723005101038
170724004601391
170724005101032
170724005101038
170725004101002
170725005101003
170725005101085
170725005101217
170725005101285
170801005201056
170802001801386
170802005501236
170805004601369
170908001601052
170910005601231
171003001601027
171003004101036
171004001501160
171104001801054
171104001801167
171104001801261
171104001801265
171104001801267
171104001801291
171104001801299
171104001801320
171104001801321
171104001801327
171104001801330
171104001801346
171104001801347
171104001801370
171104001801381
171104001801395
171205003101019
171205003101022
171205004101016
171205004101043
171207004001009
171208002601262
171227002601070
171227002601223
171227002601225
171227002601230
171227002601306
171227004601006
171227004601194
171228002101021
171228002101035
171228002101036
171228002101038
171228002101039
171228002101049
171228002101061
171228002101082
171228002101097
171228002101110
171228002101247
171228002101390
171228002101399
171228003201198
171230002101005
171230002101034
171230002101039
171230002101045
171230002101079
171230002101197
171230002101246
171230002101257
171230002101293
171230002101325
171230002101332
171230002101396
171230003101035
171230003101047
171230003101116
171230003101222
171230003101230
171230003101239
171230003101281
171230003101305
171230003101309
171230003101352
171230003101364
171230003101365
171230003101367
171230003101383
171230003101393
180101002601027
180101002601055
180101002601059
180101002601081
180101002601087
180101002601110
180101002601281
180101002601383
180101002601397
180101003101186
180103003101244
180103003601015
180103004601176
