140117002101072
140309004701201
140310003301046
140311006101259
140311006101337
140311009101352
140312004501116
140312004501190
140313004101196
140413002701283
140707001101282
140805004801252
140806001701330
140806004701064
140806004701104
140806004701120
140807005601002
140807005601024
140807005601141
140807005601204
140807005601206
140807005601217
140807005601219
140807005601221
140807005601230
140807005601239
140807005601262
140807005601271
140807005601273
140807005601277
140807005601282
140807005601285
140807005601287
140807005601291
140807005601295
140807005601298
140807005601299
140807005601301
140807005601305
140807005601316
140807005601321
140807005601322
140807005601330
140807005601331
140807005601363
140807005601364
140807005601399
140811005001334
140814006001283
140823002701065
140823002701094
140823002701104
140823002701120
141202003701002
141202003701199
141202003701271
141202003701397
150107002201035
150107002201063
150107002201074
150107002201094
150107002201095
150107002201104
150107002201110
150107002201133
150107002201248
150107002201281
150107002201282
150107002201291
150107002201302
150107002201379
150107002201391
150208005201131
150406001801180
150703003101276
150830005101131
160130003601074
160401002101294
160401005901021
160401005901176
160403004201005
160417000101335
160417000101365
160418005101234
160420006901293
160423002701389
160522003101072
160608001501228
160608001501230
160812003101182
160815002601229
160923004201197
161012002101325
161106003601138
161107002801132
161107003901001
161107003901004
161107003901019
161107003901020
161107003901025
161107003901031
161107003901032
161107003901035
161107003901048
161107003901054
161107003901069
161107003901071
161107003901072
161107003901073
161107003901076
161107003901078
161107003901080
161107003901081
161107003901085
161107003901089
161107003901090
161107003901091
161107003901103
161107003901106
161107003901108
161107003901110
161107003901119
161107003901121
161107003901129
161107003901137
161107003901151
161107003901156
161107003901159
161107003901175
161107003901177
161107003901194
161107003901224
161107003901228
161107003901268
161107003901273
161107003901280
161107003901285
161107003901306
161107003901312
161107003901331
161107003901336
161107003901337
161107003901367
161107003901371
161107003901372
161107003901375
161107003901377
161107003901387
161107003901389
161107003901390
161107003901394
161107003901396
161115002701002
161115003201002
161115003201281
161115003201286
161115003201371
161116002201017
161116002201038
161116002201055
161116002201212
161116002201288
161116002201333
161116002201334
161116002201336
161116002201358
161116002201364
161116002201380
161116002201392
161209002901195
161210004201188
161217003601026
161217003601038
161217003601138
161217003601140
161217003601357
161217004101256
161217004101346
161217004101359
161217004101381
161219004101240
161219004101249
161219004101315
170108002201017
170108002201082
170108002201116
170108002201162
170108002201175
170108002201183
170108002201235
170108002201255
170108002201272
170108002201274
170108002201278
170108002201309
170108002201314
170108002201318
170108002201319
170108002201321
170108002201329
170108002201332
170108002201335
170108002201340
170108002201358
170108002201364
170108002201366
170108002201372
170108002201380
170115002201075
170115002201086
170115002201094
170115002201095
170115002201165
170115002201166
170115002201170
170115002201173
170115002201190
170115002201191
170115002201195
170115002201204
170115002201207
170115002201296
170115002201361
170115002201398
170119002601036
170120002101373
170205005401174
170410004501244
170413004601244
170413006101159
170506005901178
170507010601203
170508006401101
170509003701144
170509006201393
170515006601195
170603001601084
170615004901022
170615004901064
170711003501313
170724002601179
170802001801110
170828001101122
170828001601233
170828002201375
171004001501028
171004001501399
171027003801263
171102003301330
171104001801013
171104001801035
171104001801049
171104001801082
171104001801102
171104001801107
171104001801148
171104001801175
171104001801177
171104001801190
171104001801192
171104001801194
171104001801258
171104001801259
171104001801277
171104001801279
171104001801285
171104001801316
171104001801326
171104001801345
171104001801351
171104001801358
171104001801360
171104001801377
171104001801390
171104001801394
171104001801398
171104002801130
171227002601228
171227002601232
171227002601239
171227002601283
171228002101014
171228002101144
171228002101146
171228002101152
171228002101160
171228002101173
171228002101190
171228002101193
171228002101201
171228002101216
171228002101222
171230002101254
171230002101273
171230003101068
171230003101070
171230003101106
171230003101113
171230003101139
171230003101175
171230003101231
171230003101241
171230003101355
171230003101362
171230003101363
180101002601012
180101002601303
180101002601307
180101002601322
180125002501340
180126002101294
180126002601230
