2444.29229394 5.4335
2944.29229394 5.1335
3267.03798984 5.0315
3437.31353701 4.9583
3533.6666089 4.9035
3638.09064817 4.8377
3744.2406443 4.7744
3837.105635 4.73
3948.3607489 4.6908
3976.10226246 4.6801
4036.28153169 4.6576
4188.13382145 4.6132
4366.31256073 4.5525
4600.35023959 4.4632
4921.25705088 4.3875
4977.72215656 4.3765
5050.08967184 4.3618
5135.078884 4.3434
5209.52527715 4.326
5282.29174266 4.308
5307.64417521 4.3013
5354.63736321 4.2876
5421.06733565 4.2664
5481.36079781 4.2459
5539.48629376 4.2244
5608.013665 4.1961
5673.05291889 4.1669
5684.43458227 4.1613
5688.70811419 4.1587
5681.58720058 4.1504
5572.95411827 4.0876
5460.7375451 4.0251
5355.98559849 3.9645
5255.72452535 3.9021
5180.67574107 3.8465
5114.35668133 3.7854
5071.85748932 3.7324
5051.36777435 3.7034
5030.9534074 3.6676
5005.54098485 3.6192
4982.76964921 3.5686
4963.86549882 3.5182
4942.51957833 3.4614
4923.75420696 3.4106
4905.05353709 3.3555
4886.41734562 3.2965
4867.84541026 3.2442
4850.56938173 3.1894
4832.12104727 3.1356
4813.73632119 3.0819
4795.41498417 3.0291
4777.15681765 2.9745
4758.96160382 2.9209
4739.62251906 2.8686
4721.55672049 2.817
4703.55321135 2.7641
4683.22426417 2.7126
4664.16369272 2.6611
4646.35807014 2.6095
4626.2525697 2.5593
4607.40150357 2.5093
4588.61975956 2.4573
4568.73982789 2.4083
4550.1002567 2.3596
4531.52922989 2.3096
4511.87233627 2.2618
4493.44188721 2.2145
4475.07921351 2.1667
4462.4940608 2.1335
4467.06679223 2.1394
4462.4940608 2.1297
4441.96880848 2.0798
4422.66180444 2.0285
4401.17263472 1.979
4379.77727286 1.9292
4359.59414346 1.8777
4338.38028651 1.8298
4317.25903559 1.78
4296.22998644 1.7289
4270.89655426 1.6698
4248.97627573 1.6186
4228.24530512 1.5704
4201.10552673 1.5103
4180.58352897 1.4598
4153.71732565 1.4032
4132.33543678 1.3514
4104.68578379 1.2945
4083.52917438 1.2451
4056.17083799 1.1861
4028.97579904 1.1257
4001.94308282 1.0673
3975.07172048 1.0081
3948.3607489 0.9497
3921.80921074 0.8926
3921.80921074 -0.7074
